name	zl	zs	theta_Er	Dobs	Dobserr
J0151+0049	0.517	1.364	3.29673E-06	0.462274084	0.17432298
J0747+4448	0.437	0.897	2.95736E-06	0.258943659	0.101704595
J0747+5055	0.438	0.898	3.6361E-06	0.249611006	0.096790643
J0801+4727	0.483	1.518	2.37559E-06	1.603722207	0.805938588
J0830+5116	0.53	1.332	5.52688E-06	0.527243504	0.158031882
J0944-0147	0.539	1.179	3.49066E-06	0.583444188	0.211376813
J1159-0007	0.579	1.346	3.29673E-06	0.816993464	0.417428697
J1215+0047	0.642	1.297	6.64195E-06	0.672302624	0.248408645
J1221+3806	0.535	1.284	3.3937E-06	0.652515653	0.342015583
J1234-0241	0.49	1.016	2.56951E-06	1.21639089	0.6332031
J1318-0104	0.659	1.396	3.29673E-06	0.712809779	0.238098266
J1337+3620	0.564	1.182	6.73891E-06	0.936635465	0.313447104
J1349+3612	0.44	0.893	3.6361E-06	0.821918529	0.197609328
J1352+3216	0.463	1.034	8.82361E-06	2.349585234	0.674809554
J1522+2910	0.555	1.311	3.58762E-06	0.889081123	0.314855387
J1541+1812	0.56	1.113	3.10281E-06	0.663567805	0.200778752
J1542+1629	0.352	1.023	5.04206E-06	0.795942408	0.158131298
J1545+2748	0.522	1.289	5.86625E-06	0.688650673	0.224902439
J1601+2138	0.544	1.446	4.1694E-06	0.634141968	0.236902185
J1611+1705	0.477	1.211	2.81192E-06	1.6345174	0.709913842
J1631+1854	0.408	1.086	7.90246E-06	0.764992731	0.12685251
J1637+1439	0.391	0.874	3.15129E-06	0.488251908	0.154443937
J2122+0409	0.626	1.452	7.66006E-06	0.516213549	0.1896214
J2125+0411	0.363	0.978	5.81776E-06	0.666666667	0.125425498
J2303+0037	0.458	0.936	4.9451E-06	0.45826648	0.11829901
CFRS03-1077	0.938	2.941	6.01169E-06	0.65697564	0.129631951
HST-14176	0.81	3.399	6.83587E-06	0.909600426	0.172404606
HST-15433	0.497	2.092	1.74533E-06	0.8	0.17504468
MG-2016	1.004	3.263	7.56309E-06	0.449855631	0.105790173
Q0047-2808	0.485	3.595	6.4965E-06	0.814547676	0.152010522
J0212-0555	0.75	2.74	6.15713E-06	0.574713892	0.117965762
J0213-0743	0.717	3.48	1.1587E-05	0.966652042	0.257140369
J0214-0405	0.609	1.88	6.83587E-06	0.570284259	0.201021181
J0217-0513	0.646	1.847	6.15713E-06	0.688922218	0.181560885
J0219-0829	0.389	2.15	6.30258E-06	0.508297925	0.105212486
J0223-0534	0.499	1.44	5.91473E-06	0.493437444	0.114056926
J0225-0454	0.238	1.199	8.53272E-06	1.125662862	0.250172766
J0226-0420	0.494	1.232	5.76928E-06	0.558491626	0.125742613
J0232-0408	0.352	2.34	5.04206E-06	0.438406574	0.100261646
J0848-0351	0.682	1.55	4.12092E-06	0.682181234	0.169379598
J0849-0251	0.274	2.09	5.62384E-06	0.517436541	0.146214815
J0849-0412	0.722	1.54	5.33295E-06	0.334323417	0.065839637
J0850-0347	0.337	3.25	4.50877E-06	0.338199921	0.071918013
J0855-0147	0.365	3.39	4.99358E-06	0.68797878	0.180607212
J0855-0409	0.419	2.95	6.59347E-06	0.589621823	0.119495714
J0904-0059	0.611	2.36	6.78739E-06	1.467549544	0.388705196
J0959+0206	0.552	3.35	3.58762E-06	0.648833223	0.172072961
J1359+5535	0.783	2.77	5.52688E-06	0.729122536	0.210325978
J1404+5200	0.456	1.59	1.23627E-05	0.756999305	0.132376265
J1405+5243	0.526	3.01	7.32069E-06	0.606582391	0.120247329
J1406+5226	0.716	1.47	4.55725E-06	0.475480579	0.095343834
J1411+5651	0.322	1.42	4.50877E-06	0.661158999	0.167357459
J1420+5258	0.38	0.99	4.65421E-06	0.524901319	0.121047729
J1420+5630	0.483	3.12	6.78739E-06	0.918924596	0.193185809
J2203+0205	0.4	2.15	9.45387E-06	1.411737314	0.337833579
J2205+0147	0.476	2.53	8.04791E-06	0.529282726	0.120925106
J2213-0009	0.338	3.45	5.18751E-06	1.159538647	0.3224322
J2219-0017	0.289	1.02	2.52103E-06	0.49493039	0.121996523
J2220+0106	0.232	1.07	1.0472E-05	4.304407713	1.18406044
J2221+0115	0.325	2.35	6.78739E-06	0.94337385	0.23416334
J2222+0012	0.436	1.36	6.98132E-06	1.005449536	0.237573505
J0008-0004	0.44	1.192	5.62384E-06	1.037846319	0.412537438
J0029-0055	0.227	0.931	4.65421E-06	0.619302418	0.125366265
J0037-0942	0.196	0.632	7.41765E-06	0.663324551	0.098150616
J0044+0113	0.12	0.196	3.83003E-06	0.384779637	0.0624986
J0109+1500	0.294	0.525	3.34521E-06	0.35715528	0.07209917
J0157-0056	0.513	0.924	3.83003E-06	0.289156641	0.099387335
J0216-0813	0.332	0.524	5.62384E-06	0.358902007	0.067864734
J0252+0039	0.28	0.982	5.04206E-06	1.264350377	0.243423934
J0330-0020	0.351	1.071	5.33295E-06	0.789141414	0.18823959
J0405-0455	0.075	0.81	3.87851E-06	1.020304051	0.165475332
J0728+3835	0.206	0.688	6.06017E-06	0.904959817	0.148676753
J0737+3216	0.322	0.581	4.84814E-06	0.302139924	0.049609024
J0808+4706	0.219	1.025	5.96321E-06	0.753978062	0.120269768
J0822+2652	0.241	0.594	5.67232E-06	0.582888545	0.100644486
J0841+3824	0.116	0.657	6.83587E-06	0.993392041	0.162384299
J0903+4116	0.43	1.065	6.2541E-06	0.861643326	0.239447338
J0912+0029	0.164	0.324	7.90246E-06	0.54248792	0.0812302
J0935-0003	0.348	0.467	4.21788E-06	0.197593771	0.043717403
J0936+0913	0.19	0.588	5.28447E-06	0.625408524	0.10165177
J0946+1006	0.222	0.608	6.69043E-06	0.677209942	0.138506814
J0956+5100	0.24	0.47	6.44802E-06	0.404227404	0.06644433
J0959+0410	0.126	0.535	4.79966E-06	0.83416244	0.152229923
J1016+3859	0.168	0.439	5.28447E-06	0.586633118	0.097066105
J1020+1122	0.282	0.553	5.81776E-06	0.49887653	0.089821407
J1023+4230	0.191	0.696	6.83587E-06	0.80247723	0.14276862
J1100+5329	0.317	0.858	7.36917E-06	1.477500008	0.407685235
J1106+5228	0.096	0.407	5.96321E-06	0.594624824	0.096453747
J1112+0826	0.273	0.63	7.22372E-06	0.477971481	0.08708657
J1134+6027	0.153	0.474	5.33295E-06	0.64682627	0.105602408
J1142+1001	0.222	0.504	4.75117E-06	0.672153635	0.157837325
J1143-0144	0.106	0.402	8.14487E-06	0.836968167	0.136503492
J1153+4612	0.18	0.875	5.09054E-06	0.660178059	0.124285997
J1204+0358	0.164	0.631	6.35106E-06	0.601469238	0.107906247
J1205+4910	0.215	0.481	5.91473E-06	0.528925459	0.086409504
J1213+6708	0.123	0.64	6.88435E-06	0.582250511	0.096604681
J1218+0830	0.135	0.717	7.0298E-06	1.059406242	0.174349842
J1250+0523	0.232	0.795	5.47839E-06	0.594045498	0.1007603
J1251-0208	0.224	0.784	4.07243E-06	0.532666131	0.125537742
J1330-0148	0.081	0.712	4.21788E-06	0.802644631	0.12819413
J1402+6321	0.205	0.481	6.54498E-06	0.652637002	0.118548235
J1403+0006	0.189	0.473	4.02395E-06	0.600893318	0.121675952
J1416+5136	0.299	0.811	6.64195E-06	0.779711919	0.192923686
J1430+4105	0.285	0.575	7.36917E-06	0.502760419	0.118888162
J1436-0000	0.285	0.805	5.42991E-06	0.75469908	0.149677909
J1451-0239	0.125	0.52	5.04206E-06	0.713305898	0.128368151
J1525+3327	0.358	0.717	6.35106E-06	0.652635892	0.154023538
J1531-0105	0.16	0.744	8.29031E-06	0.751953496	0.123166568
J1538+5817	0.143	0.531	4.84814E-06	0.922580036	0.165562625
J1621+3931	0.245	0.602	6.2541E-06	0.784154106	0.166179099
J1627-0053	0.208	0.524	5.96321E-06	0.49075936	0.078993822
J1630+4520	0.248	0.793	8.62968E-06	0.782735218	0.135276094
J1636+4707	0.228	0.674	5.28447E-06	0.679532143	0.123553725
J2238-0754	0.137	0.713	6.15713E-06	1.102430556	0.187737159
J2300+0022	0.228	0.464	6.01169E-06	0.530077631	0.093528396
J2303+1422	0.155	0.517	7.85398E-06	0.871876744	0.157836258
J2321-0939	0.082	0.532	7.75702E-06	0.918030861	0.133447355
J2341+0000	0.186	0.807	6.98132E-06	1.166888375	0.210933693
J0143-1006	0.221	1.1046	5.96321E-06	1.046670261	0.222600352
J0159-0006	0.1584	0.7477	4.46029E-06	0.648170693	0.134714395
J0324+0045	0.321	0.9199	2.66648E-06	0.546118626	0.131742239
J0324-0110	0.4456	0.6239	3.05433E-06	0.221864984	0.06095536
J0753+3416	0.1371	0.9628	5.96321E-06	0.950256616	0.163808224
J0754+1927	0.1534	0.7401	5.04206E-06	0.911873718	0.188557169
J0757+1956	0.1206	0.8326	7.85398E-06	1.351643599	0.228304336
J0826+5630	0.1318	1.2907	4.89662E-06	1.25746511	0.203068921
J0847+2348	0.1551	0.5327	4.65421E-06	0.800973984	0.163182445
J0851+0505	0.1276	0.6371	4.4118E-06	0.964476732	0.171648853
J0920+3028	0.2881	0.3918	3.3937E-06	0.283119845	0.049335616
J0955+3014	0.3214	0.4671	2.61799E-06	0.255306981	0.0704818
J0956+5539	0.1959	0.8483	5.67232E-06	1.113593377	0.193416713
J1010+3124	0.1668	0.4245	5.52688E-06	0.817837466	0.134135318
J1031+3026	0.1671	0.7469	4.26636E-06	0.720038542	0.135426368
J1040+3626	0.1225	0.2846	2.8604E-06	0.55572133	0.092575058
J1041+0112	0.1006	0.2172	2.90888E-06	0.515663804	0.076051872
J1048+1313	0.133	0.6679	5.7208E-06	1.034625949	0.170008768
J1051+4439	0.1634	0.538	4.79966E-06	0.703814418	0.136956556
J1056+4141	0.1343	0.8318	3.49066E-06	0.9765625	0.176120008
J1101+1523	0.178	0.5169	5.7208E-06	0.511583641	0.088143613
J1116+0729	0.1697	0.686	3.97547E-06	0.772358459	0.133841811
J1127+2312	0.1303	0.361	6.06017E-06	0.813380142	0.123279696
J1137+1818	0.1241	0.4627	6.2541E-06	0.869251619	0.1285437
J1142+2509	0.164	0.6595	3.83003E-06	1.032427098	0.184556673
J1144+0436	0.1036	0.2551	3.68458E-06	0.570879154	0.108871884
J1213+2930	0.0906	0.5954	6.54498E-06	0.834535064	0.11916468
J1301+0834	0.0902	0.5331	4.84814E-06	1.025585486	0.160403133
J1330+1750	0.2074	0.3717	4.89662E-06	0.556649013	0.089830651
J1403+3309	0.0625	0.772	4.9451E-06	0.950808523	0.137015024
J1430+6104	0.1688	0.6537	4.84814E-06	1.048249675	0.220059121
J1433+2835	0.0912	0.4115	7.41765E-06	1.01304323	0.141992177
J1541+3642	0.1406	0.7389	5.67232E-06	1.025857933	0.175064132
J1543+2202	0.2681	0.3966	3.78155E-06	0.326525527	0.055840332
J1550+2020	0.1351	0.3501	4.89662E-06	0.565627078	0.08413543
J1553+3004	0.1604	0.5663	4.07243E-06	0.751543886	0.150478712
J1607+2147	0.2089	0.4865	2.76344E-06	0.504837942	0.104709503
J1633+1441	0.1281	0.5804	6.73891E-06	0.889017828	0.134438956
J2309-0039	0.2905	1.0048	5.52688E-06	1.13195497	0.21546253
J2324+0105	0.1899	0.2775	2.8604E-06	0.315049767	0.056925395
